 0.4830490
 0.4826830
 0.4815960
 0.4798211
 0.4774105
 0.4744334
 0.4709714
 0.4671149
 0.4629588
 0.4585986
 0.4541273
 0.4496332
 0.4451977
 0.4408946
 0.4367889
 0.4329378
 0.4293898
 0.4261861
 0.4233605
 0.4209409
 0.4189488
 0.4174012
 0.4163100
 0.4156830
 0.4155238
 0.4158323
 0.4166043
 0.4178316
 0.4195014
 0.4215964
 0.4240937
 0.4269646
 0.4301737
 0.4336786
 0.4374293
 0.4413675
 0.4454270
 0.4495338
 0.4536071
 0.4575605
 0.4613043
 0.4647481
 0.4678043
 0.4703916
 0.4724392
 0.4738898
 0.4747032
 0.4748584
 0.4743539
 0.4732083
 0.4714577
 0.4691540
 0.4663606
 0.4631492
 0.4595953
 0.4557752
 0.4517621
 0.4476240
 0.4434220
 0.4392082
 0.4350259
 0.4309091
 0.4268823
 0.4229619
 0.4191561
 0.4154663
 0.4118881
 0.4084121
 0.4050257
 0.4017135
 0.3984593
 0.3952467
 0.3920609
 0.3888890
 0.3857219
 0.3825543
 0.3793856
 0.3762204
 0.3730685
 0.3699448
 0.3668689
 0.3638647
 0.3609597
 0.3581838
 0.3555693
 0.3531489
 0.3509558
 0.3490221
 0.3473785
 0.3460529
 0.3450698
 0.3444495
 0.3442060
 0.3443466
 0.3448689
 0.3457595
 0.3469899
 0.3485138
 0.3502624
 0.3521395
 0.3540176
 0.3557335
 0.3570870
 0.3578434
 0.3577414
 0.3565097
 0.3538906
 0.3496710
 0.3437144
 0.3359870
 0.3265713
 0.3156609
 0.3035375
 0.2905364
 0.2770076
 0.2632819
 0.2496474
 0.2363364
 0.2235227
 0.2113257
 0.1998182
 0.1890360
 0.1789864
 0.1696567
 0.1610205
 0.1530430
 0.1456844
 0.1389030
 0.1326568
 0.1269050
 0.1216088
 0.1167316
 0.1122395
 0.1081011
 0.1042878
 0.1007734
 0.0975340
 0.0945481
 0.0917960
 0.0892600
 0.0869243
 0.0847743
 0.0827970
 0.0809806
 0.0793148
 0.0777898
 0.0763972
 0.0751294
 0.0739795
 0.0729414
 0.0720097
 0.0711796
 0.0704469
 0.0698079
 0.0692594
 0.0687987
 0.0684237
 0.0681324
 0.0679234
 0.0677959
 0.0677491
 0.0677828
 0.0678972
 0.0680929
 0.0683707
 0.0687321
 0.0691787
 0.0697128
 0.0703369
 0.0710542
 0.0718682
 0.0727831
 0.0738036
 0.0749349
 0.0761832
 0.0775550
 0.0790579
 0.0807003
 0.0824915
 0.0844419
 0.0865631
 0.0888677
 0.0913701
 0.0940860
 0.0970327
 0.1002295
 0.1036977
 0.1074608
 0.1115445
 0.1159772
 0.1207896
 0.1260154
 0.1316906
 0.1378539
 0.1445456
 0.1518077
 0.1596819
 0.1682086
 0.1774237
 0.1873551
 0.1980184
 0.2094097
 0.2214986
 0.2342190
 0.2474596
 0.2610559
 0.2747850
 0.2883674
 0.3014778
 0.3137672
 0.3248956
 0.3345697
 0.3425798
 0.3488245
 0.3533192
 0.3561852
 0.3576254
 0.3578923
 0.3572570
 0.3559836
 0.3543120
 0.3524481
 0.3505612
 0.3487845
 0.3472188
 0.3459370
 0.3449890
 0.3444056
 0.3442027
 0.3443841
 0.3449440
 0.3458694
 0.3471410
 0.3487348
 0.3506235
 0.3527766
 0.3551624
 0.3577477
 0.3604995
 0.3633857
 0.3663758
 0.3694417
 0.3725591
 0.3757076
 0.3788714
 0.3820400
 0.3852079
 0.3883749
 0.3915454
 0.3947282
 0.3979354
 0.4011818
 0.4044835
 0.4078568
 0.4113172
 0.4148781
 0.4185493
 0.4223362
 0.4262384
 0.4302488
 0.4343525
 0.4385262
 0.4427376
 0.4469449
 0.4510972
 0.4551351
 0.4589914
 0.4625936
 0.4658659
 0.4687321
 0.4711199
 0.4729641
 0.4742108
 0.4748211
 0.4747735
 0.4740659
 0.4727165
 0.4707623
 0.4682581
 0.4652727
 0.4618860
 0.4581848
 0.4542593
 0.4501994
 0.4460924
 0.4420200
 0.4380574
 0.4342721
 0.4307237
 0.4274635
 0.4245351
 0.4219751
 0.4198131
 0.4180729
 0.4167728
 0.4159263
 0.4155421
 0.4156253
 0.4161765
 0.4171928
 0.4186671
 0.4205880
 0.4229396
 0.4257009
 0.4288454
 0.4323401
 0.4361452
 0.4402131
 0.4444885
 0.4489073
 0.4533972
 0.4578780
 0.4622625
 0.4664582
 0.4703698
 0.4739021
 0.4769638
 0.4794714
 0.4813536
 0.4825549
