54.3376111
53.7542380
52.0305128
49.2442110
45.5203621
41.0246810
35.9550248
30.5315660
24.9866935
19.5563561
14.4765505
 9.9954698
 6.4354966
 4.3521083
 4.1667334
 4.9066118
 5.5219119
 5.6930678
 5.4228919
 4.8535546
 4.2332172
 3.8980044
 4.1015980
 4.7639583
 5.6028038
 6.3868034
 6.9853126
 7.3426307
 7.4551850
 7.3556023
 7.0982000
 6.7429633
 6.3383127
 5.9066475
 5.4390596
 4.9031824
 4.2615487
 3.4945293
 2.6301074
 1.8205232
 1.5554704
 2.1951909
 3.2134059
 4.2253524
 5.0574324
 5.6017742
 5.7845096
 5.5627097
 4.9279669
 3.9158491
 2.6460726
 1.6100907
 2.2284265
 3.9690724
 5.9027982
 7.7640459
 9.4140714
10.7548812
11.7188213
12.2684410
12.3969306
12.1270478
11.5081207
10.6113584
 9.5241183
 8.3441458
 7.1750197
 6.1234642
 5.2958536
 4.7833239
 4.6248554
 4.7746004
 5.1227042
 5.5474543
 5.9442643
 6.2303060
 6.3457009
 6.2616309
 5.9985824
 5.6566396
 5.4475936
 5.6621886
 6.4855086
 7.8438975
 9.5061420
11.2273093
12.7947733
14.0315440
14.7965849
14.9885137
14.5509424
13.4775661
11.8163738
 9.6748219
 7.2358220
 4.8327191
 3.2877651
 3.8174244
 5.4966811
 7.0935351
 8.1672755
 8.5403201
 8.1497335
 7.0286568
 5.3457566
 3.6417681
 3.5616971
 5.7540133
 8.6977984
11.6403520
14.2399879
16.2770134
17.6062044
18.1536190
17.9203559
16.9849544
15.5018062
13.6933799
11.8304183
10.1848533
 8.9364709
 8.0662000
 7.3685281
 6.6595193
 6.1053989
 6.5040744
 8.6765341
12.4648661
17.3070039
22.7193675
28.2803109
33.5904060
38.2699612
41.9739573
44.4125146
45.3712476
44.7284576
42.4673987
38.6828910
33.5830050
27.4897435
20.8528747
14.3343020
 9.2131099
 8.0585679
10.7642659
13.9796373
16.1604038
16.8053220
15.7817283
13.2033859
 9.5458118
 6.5254378
 8.3307864
14.0463845
20.6890101
27.1387297
32.7861479
37.1898844
40.0279735
41.0983093
40.3254248
37.7637781
33.5953473
28.1230608
21.7679410
15.1029939
 9.1061041
 6.3947932
 8.9283689
12.6619925
15.4622136
16.7525813
16.3761695
14.4237987
11.3145672
 8.3312901
 8.6811001
13.3572010
19.7644480
26.4354473
32.6514022
37.9374687
41.9525966
44.4703534
45.3775522
44.6731318
42.4624442
38.9458859
34.4024125
29.1695312
23.6225647
18.1582403
13.1931075
 9.1963360
 6.7280302
 6.0762802
 6.5462693
 7.2560121
 7.9478599
 8.7733127
 9.9529086
11.5420743
13.3872048
15.2236947
16.7763646
17.8130944
18.1677025
17.7491006
16.5437001
14.6135333
12.0924063
 9.1867835
 6.2101079
 3.8043414
 3.4571805
 5.0454963
 6.7863504
 8.0150535
 8.5291710
 8.2782662
 7.3098632
 5.7786361
 4.0586904
 3.2218497
 4.4887071
 6.8307283
 9.2929456
11.4976810
13.2458279
14.4193611
14.9610830
14.8687565
14.1909627
13.0221550
11.4972572
 9.7875382
 8.0997689
 6.6747920
 5.7531982
 5.4461378
 5.6064140
 5.9443364
 6.2296223
 6.3458001
 6.2618392
 6.0000968
 5.6162007
 5.1894542
 4.8209190
 4.6306017
 4.7336587
 5.1893414
 5.9711904
 6.9935123
 8.1508665
 9.3362266
10.4453620
11.3793194
12.0486803
12.3792100
12.3176728
11.8367450
10.9383140
 9.6548590
 8.0491854
 6.2141656
 4.2798945
 2.4748752
 1.5668782
 2.4360104
 3.7219566
 4.7876113
 5.4874320
 5.7766785
 5.6575314
 5.1676579
 4.3759702
 3.3839691
 2.3493137
 1.6059935
 1.7210928
 2.4876763
 3.3590256
 4.1456176
 4.8070884
 5.3577639
 5.8338416
 6.2699496
 6.6796818
 7.0456886
 7.3229517
 7.4521967
 7.3770430
 7.0603366
 6.4987860
 5.7383325
 4.8955007
 4.1847139
 3.8919094
 4.1501278
 4.7482682
 5.3455705
 5.6767958
 5.5821325
 5.0298280
 4.2622815
 4.1996461
 5.9777002
 9.3442817
13.7015033
18.7017792
24.0913072
29.6336305
35.0927785
40.2352695
44.8382735
48.6996218
51.6477583
53.5505444
