1936.4742404
1932.9199973
1922.3103745
1904.8114321
1880.7207408
1850.4930701
1814.7663265
1774.3798384
1730.3773593
1683.9886648
1636.5862417
1589.6171508
1544.5145225
1502.5978918
1464.9758320
1432.4666450
1405.5515849
1384.3694049
1368.7519434
1358.2909898
1352.4204239
1350.4968012
1351.8657580
1355.9083283
1362.0675684
1369.8597963
1378.8757930
1388.7761838
1399.2831333
1410.1686426
1421.2388937
1432.3144776
1443.2076766
1453.6996285
1463.5214480
1472.3436469
1479.7772509
1485.3880545
1488.7230227
1489.3456021
1486.8752043
1481.0256434
1471.6378129
1458.7031078
1442.3756476
1422.9728718
1400.9652871
1376.9568850
1351.6579984
1325.8522393
1300.3588479
1275.9915736
1253.5153510
1233.6026824
1216.7926971
1203.4569459
1193.7765024
1187.7343159
1185.1248151
1185.5799013
1188.6075907
1193.6375956
1200.0676319
1207.3051229
1214.8007135
1222.0719473
1228.7170697
1234.4199482
1238.9475618
1242.1415604
1243.9052718
1244.1874381
1242.9640404
1240.2198327
1235.9315680
1230.0551692
1222.5190821
1213.2255771
1202.0608238
1188.9132682
1173.6984511
1156.3872226
1137.0335839
1115.7982670
1092.9646346
1068.9444169
1044.2719947
1019.5871576
995.6073203
973.0909438
952.7943648
935.4244882
921.5900534
911.7546251
906.1951266
904.9703435
907.9038789
914.5850481
924.3891113
936.5155492
950.0406058
963.9787437
977.3471733
989.2280406
998.8237727
1005.5021626
1008.8288281
1008.5856472
1004.7746535
997.6076644
987.4826313
974.9483282
960.6595634
945.3256550
929.6554828
914.3030525
899.8180489
886.6061233
874.9033009
864.7676802
856.0895207
848.6182585
842.0026006
835.8382512
829.7173425
823.2741861
816.2231558
808.3859168
799.7065101
790.2538382
780.2118761
769.8585493
759.5347847
749.6058957
740.4182539
732.2551200
725.2963306
719.5869446
715.0195336
711.3333896
708.1316727
704.9149861
701.1277118
696.2121320
689.6650032
681.0916151
670.2530842
657.1034163
641.8135240
624.7798601
606.6156453
588.1229557
570.2445052
553.9953997
540.3782172
530.2898521
524.4344906
523.2604368
526.9350661
535.3609522
548.2223425
565.0429313
585.2377064
608.1506956
633.0801001
659.2977236
686.0698989
712.6840925
738.4814483
762.8923568
785.4704023
805.9196934
824.1112716
840.0856409
854.0401565
866.3018657
877.2882535
887.4600286
897.2713586
907.1235274
917.3276050
928.0803296
939.4552507
951.4087715
963.7986753
976.4114589
988.9944514
1001.2890622
1013.0622148
1024.1337328
1034.3979596
1043.8382080
1052.5328389
1060.6520504
1068.4449344
1076.2171272
1084.3004046
1093.0167313
1102.6403311
1113.3620178
1125.2600701
1138.2812438
1152.2342067
1166.7960576
1181.5310501
1195.9194871
1209.3941204
1221.3811994
1231.3433851
1238.8218852
1243.4752543
1245.1123293
1243.7167889
1239.4609468
1232.7067179
1223.9923279
1214.0043420
1203.5359734
1193.4343433
1184.5411798
1177.6329912
1173.3675014
1172.2426047
1174.5721070
1180.4794470
1189.9073386
1202.6389153
1218.3252026
1236.5145717
1256.6815916
1278.2544794
1300.6414423
1323.2563677
1345.5437300
1367.0016831
1387.2015573
1405.8017011
1422.5539330
1437.3017304
1449.9704872
1460.5514481
1469.0819859
1475.6254928
1480.2541544
1483.0372626
1484.0366279
1483.3093273
1480.9167633
1476.9380694
1471.4854190
1464.7187814
1456.8580029
1448.1905870
1439.0740369
1429.9320012
1421.2437341
1413.5266273
1407.3119679
1403.1147328
1401.3991947
1402.5432342
1406.8052087
1414.2976159
1424.9712902
1438.6124582
1454.8529732
1473.1920297
1493.0262006
1513.6840866
1534.4621865
1554.6594820
1573.6092652
1590.7075386
1605.4377088
1617.3912402
1626.2835845
1631.9642637
1634.4197060
1633.7675168
1630.2414391
1624.1673224
1615.9318492
1605.9472868
1594.6167626
1582.3050875
1569.3196781
1555.9045832
1542.2482643
1528.5031660
1514.8129091
1501.3417212
1488.3007470
1475.9670289
1464.6927677
1454.9043539
1447.0920287
1441.7915319
1439.5587346
1440.9374443
1446.4200188
1456.4008769
1471.1248209
1490.6349697
1514.7279337
1542.9252291
1574.4687670
1608.3445685
1643.3337374
1678.0847915
1711.1980769
1741.3117436
1767.1794819
1787.7323256
1802.1196982
1809.7280188
1810.1782608
1803.3065868
1789.1342976
1767.8345376
1739.7032446
