83586.5700359
35695.2190705
2271.9199161
1472.1084438
416.8367344
1069.1612729
16550.8818023
59508.0796608
41108.0449408
4838.0564820
1864.6947452
1431.3969575
1855.0661701
5294.0141012
37144.8129472
33271.5215710
2666.2723340
1722.4908821
1291.3468354
535.7525476
2532.1477526
20510.6435368
24031.1701600
5753.1210620
446.5727822
738.6366990
1915.3948741
2802.9862386
29230.1030047
59724.6642258
20498.2543628
2353.6764824
4909.8192146
2859.9909879
4382.1923880
44427.2235670
162377.5439826
91255.3006676
5220.3365725
7852.3770048
3273.6642228
3658.3618863
25039.1125526
119105.0458183
127252.3405311
33797.2771692
10547.9242087
6149.4316412
6927.8216770
5801.0868204
41146.6506611
59299.3660826
14942.3673669
4015.5746700
4380.3832538
6015.4252022
4717.5337835
24291.6162289
40553.0638669
13474.7563164
1285.7231446
509.2482612
5207.2238625
6045.8706538
28144.6171298
63440.4119404
33316.1263231
3923.9879978
4315.0197157
7828.3521744
10237.5142123
17868.9195891
72527.6376440
51370.3385306
5024.0134000
4828.5283842
12786.4752680
10486.5586635
16947.0587681
48495.3726126
43405.3072688
5319.9931588
3797.9627967
1783.5285829
1878.8410732
9254.4382541
18774.0757561
28010.5963123
11706.9690963
5493.4386558
3126.3836488
777.4934020
3882.2065163
7363.9937860
13204.9672928
5759.2717335
555.5459040
335.1444027
1129.4276756
2560.9901101
3013.1047685
12229.2556900
10830.4033268
2608.3996554
2480.5014904
3513.7445298
6442.2599911
5548.4893247
15886.6781091
18235.1332087
6589.3000229
3048.3859655
2247.9537159
1172.7127032
1981.8146912
5445.6322876
7363.7398503
1756.7424585
1921.5496567
2106.3724317
2338.7259469
1541.5929299
5068.8944415
9953.5182640
3139.6082846
1718.8680010
1665.8704602
830.7328995
924.7503333
579.7191668
2530.4450496
1787.8656877
915.5985147
1674.0627077
2093.9764765
949.1772618
1304.3831069
1707.3109419
1227.9566374
165.0818948
641.9824750
504.1111908
944.7115271
432.3143781
1173.1726868
1628.4525685
486.1049134
685.3275569
437.6498145
273.8239150
159.4842240
512.2305709
447.5340238
269.4487799
116.9664997
135.8107453
192.0812584
85.5408186
197.8211432
94.2608598
168.5312923
101.2700661
194.8303447
91.8838550
192.1564498
133.3645463
117.7952797
217.5324243
447.5709141
515.1998695
199.1545772
293.5550037
401.0138237
656.6971438
486.2426332
1508.1885092
1285.2903850
589.3678075
892.1264409
572.5509465
633.1746297
156.4837113
950.2795666
1759.0080102
1413.8482832
926.3796277
1868.9250951
1931.2217789
948.8215431
1403.3486543
2717.0044673
645.0965196
1027.1228783
640.3972532
1557.9793311
1891.1767438
2014.5441532
9474.6409967
6351.7805095
1451.3350981
2294.7922686
2140.6232112
1891.9981682
1718.0227356
6374.1481890
6686.9593181
1411.7692495
1546.8919869
2160.1721128
2827.6256782
5428.4650342
16531.1785641
17770.6256540
6041.2608572
6489.0723674
4136.8208795
2479.5384149
2277.1492504
9188.7444971
13331.0796498
3792.4003135
2850.3187656
1017.6437929
368.2932959
429.0846931
4187.9095070
12925.0795867
8592.0521423
4226.4561817
1018.8035167
2771.0293804
5163.0564597
9548.6054635
26392.6046815
21708.9639571
10072.1176408
2994.8587268
1664.7582240
3734.0259275
4461.6893331
35654.4073223
53611.5219316
18791.1103572
11113.4012372
13307.1369885
5795.3277605
1830.7692671
42074.6877930
76042.1084057
25916.4906943
10732.0265402
8443.4961987
2816.9786147
3753.8955417
25618.7708357
63160.0751228
35637.0376534
6763.6572643
4912.9777766
1401.3758831
576.6813383
8513.0643278
38485.7447225
29499.9088069
3686.0777713
5708.1153095
5770.8341971
3934.3823922
9810.6960338
54051.4034620
48853.0485248
6597.5533196
7793.1240616
5796.5612307
8971.5988788
25670.9984899
112148.7223095
132784.6633454
35914.1307327
4763.0941788
2629.2517796
6921.5161525
7523.1902477
67139.0929234
167669.1914932
63690.2355295
5338.5111230
2859.0562104
4223.5730740
2921.6355195
13865.3121734
57058.9398059
37259.5126447
3293.9017493
1483.2952823
1233.9066546
292.7921561
3500.6722064
21527.8993424
23417.4992293
3892.0340762
580.6102918
1433.3267567
1616.8090500
931.0105252
27657.8186260
40841.8615238
9230.7356244
2113.0608048
1350.7152268
1461.9514042
3237.8630936
33256.3039424
62053.7870839
23714.4494069
970.9675715
96.6760213
1514.9348859
2230.9278737
25607.3503857
